(title "X Velocity vs. X-Coordinate")
(labels "X-Coordinate" "X Velocity")

((xy/key/label "hor_blue")
88	13.7042
88.5	13.7009
89	13.6966
89.5	13.6908
90	13.6834
90.5	13.6739
91	13.6617
91.5	13.6462
92	13.6266
92.5	13.6016
93	13.5699
93.5	13.5291
94	13.4768
94.5	13.4086
95	13.3199
95.5	13.2011
96	13.0439
96.5	12.8229
97	12.5257
97.5	12.0799
98	11.4917
98.5	10.5503
99	9.40908
99.5	6.97514
100	4.44258
100	4.44258
100.5	2.35174
101	0.277382
101.5	-1.19793
102	-2.26022
102.5	-2.72502
103	-3.15798
103.5	-3.43539
104	-3.60821
104.5	-3.64362
105	-3.54338
105.5	-3.2898
106	-2.89347
106.5	-2.36919
107	-1.75176
107.5	-1.07248
108	-0.367424
108.5	0.337674
109	1.01948
109.5	1.66666
110	2.26993
110.5	2.82669
111	3.33688
111.5	3.8023
112	4.22487
112.5	4.60928
113	4.95898
113.5	5.27781
114	5.56909
114.5	5.83606
115	6.0815
115.5	6.30795
116	6.51758
116.5	6.71233
117	6.89388
117.5	7.06367
118	7.22296
118.5	7.37283
119	7.51424
119.5	7.64802
120	7.7749
120.5	7.8955
121	8.01039
121.5	8.12006
122	8.22496
122.5	8.32545
123	8.42189
123.5	8.51458
124	8.60379
124.5	8.68977
125	8.77272
125.5	8.85286
126	8.93036
126.5	9.00539
127	9.07809
127.5	9.14861
128	9.21705
128.5	9.28352
129	9.34813
129.5	9.41097
130	9.47211
130.5	9.53165
131	9.58966
131.5	9.6462
132	9.70135
132.5	9.75515
133	9.80767
133.5	9.85896
134	9.90907
134.5	9.95804
135	10.0059
135.5	10.0527
136	10.0986
136.5	10.1434
137	10.1873
137.5	10.2303
138	10.2724
138.5	10.3137
139	10.3541
139.5	10.3938
140	10.4327
140.5	10.4708
141	10.5083
141.5	10.545
142	10.5811
142.5	10.6165
143	10.6512
143.5	10.6854
144	10.7189
144.5	10.7519
145	10.7843
145.5	10.8162
146	10.8475
146.5	10.8783
147	10.9086
147.5	10.9384
148	10.9678
)
