(title "X Velocity vs. X-Coordinate")
(labels "X-Coordinate" "X Velocity")

((xy/key/label "hor_red")
88	15.1687
88.5	15.1655
89	15.1615
89.5	15.1566
90	15.1505
90.5	15.143
91	15.1338
91.5	15.1225
92	15.1086
92.5	15.0915
93	15.0705
93.5	15.0446
94	15.0126
94.5	14.9731
95	14.9243
95.5	14.8642
96	14.7903
96.5	14.7
97	14.5905
97.5	14.4642
98	14.3273
98.5	14.2223
99	14.205
99.5	14.4027
100	14.9264
100	14.9264
100.5	15.5628
101	15.9662
101.5	16.0533
102	15.8878
102.5	15.5017
103	14.9758
103.5	14.4188
104	13.906
104.5	13.4728
105	13.1277
105.5	12.8652
106	12.6728
106.5	12.5374
107	12.4471
107.5	12.3916
108	12.3622
108.5	12.3518
109	12.3543
109.5	12.365
110	12.3802
110.5	12.3973
111	12.4148
111.5	12.4318
112	12.4481
112.5	12.4643
113	12.4804
113.5	12.4966
114	12.5133
114.5	12.5304
115	12.5478
115.5	12.5654
116	12.583
116.5	12.6006
117	12.6181
117.5	12.6357
118	12.6532
118.5	12.6707
119	12.6882
119.5	12.7058
120	12.7233
120.5	12.7408
121	12.7584
121.5	12.7759
122	12.7935
122.5	12.811
123	12.8286
123.5	12.8461
124	12.8636
124.5	12.8811
125	12.8986
125.5	12.916
126	12.9334
126.5	12.9507
127	12.9679
127.5	12.985
128	13.0021
128.5	13.0191
129	13.036
129.5	13.0528
130	13.0695
130.5	13.0861
131	13.1026
131.5	13.119
132	13.1353
132.5	13.1514
133	13.1674
133.5	13.1834
134	13.1991
134.5	13.2148
135	13.2303
135.5	13.2458
136	13.261
136.5	13.2762
137	13.2912
137.5	13.3061
138	13.3209
138.5	13.3355
139	13.35
139.5	13.3644
140	13.3786
140.5	13.3928
141	13.4067
141.5	13.4206
142	13.4343
142.5	13.448
143	13.4615
143.5	13.4748
144	13.4881
144.5	13.5012
145	13.5142
145.5	13.5271
146	13.5399
146.5	13.5525
147	13.5651
147.5	13.5775
148	13.5898
)
