(title "Y-Coordinate vs. X Velocity")
(labels "X Velocity" "Y-Coordinate")

((xy/key/label "ver_red")
-4.70005	0.0230634
-4.69932	0.0283589
-4.6937	0.0182492
-4.69316	0.0341839
-4.6825	0.0405915
-4.67703	0.0138728
-4.66785	0.0476398
-4.64947	0.055393
-4.64318	0.00989419
-4.62747	0.0639215
-4.60184	0.0733028
-4.57498	0.00627728
-4.57247	0.0836223
-4.53921	0.0949737
-4.50182	0.10746
-4.46001	0.121195
-4.41341	0.136304
-4.36159	0.152924
-4.30404	0.171205
-4.24018	0.191315
-4.16931	0.213436
-4.11156	0.00298918
-4.09059	0.237769
-4.00307	0.264535
-3.90558	0.293977
-3.79674	0.326364
-3.67489	0.36199
-3.53803	0.401178
-3.38371	0.444285
-3.2089	0.491702
-3.00987	0.543862
-2.78197	0.601237
-2.51932	0.66435
-2.21443	0.733774
-1.85768	0.810141
-1.43648	0.894144
-0.934101	0.986548
-0.327859	1.08819
0	0
0.413778	1.2
1.3617	1.32382
2.64153	1.46002
4.38122	1.60985
6.55714	1.77465
9.01578	1.95594
11.7184	2.15535
14.3321	2.37471
15.933	2.616
16.3976	2.86073
16.5115	3.10545
16.5534	3.35018
16.5764	3.59491
16.5767	3.6
)
