(title "X Velocity vs. X-Coordinate")
(labels "X-Coordinate" "X Velocity")

((xy/key/label "hor_red")
88	15.1765
88.5	15.1748
89	15.1727
89.5	15.1701
90	15.1667
90.5	15.1625
91	15.1573
91.5	15.1509
92	15.143
92.5	15.1333
93	15.1213
93.5	15.1065
94	15.0884
94.5	15.0662
95	15.039
95.5	15.006
96	14.9662
96.5	14.9192
97	14.865
97.5	14.8077
98	14.7554
98.5	14.7357
99	14.7839
99.5	14.9571
100	15.2718
100	15.2718
100.5	15.5845
101	15.7718
101.5	15.846
102	15.8528
102.5	15.8287
103	15.792
103.5	15.7513
104	15.7092
104.5	15.6672
105	15.6259
105.5	15.5852
106	15.5447
106.5	15.5042
107	15.4635
107.5	15.4226
108	15.3813
108.5	15.3398
109	15.2981
109.5	15.2563
110	15.2146
110.5	15.173
111	15.1317
111.5	15.0911
112	15.0511
112.5	15.012
113	14.9738
113.5	14.9365
114	14.9001
114.5	14.8646
115	14.8302
115.5	14.7969
116	14.7647
116.5	14.7336
117	14.7034
117.5	14.6742
118	14.6459
118.5	14.6185
119	14.5918
119.5	14.5659
120	14.5407
120.5	14.5162
121	14.4922
121.5	14.4689
122	14.446
122.5	14.4237
123	14.4018
123.5	14.3803
124	14.3592
124.5	14.3386
125	14.3183
125.5	14.2984
126	14.2789
126.5	14.2597
127	14.2409
127.5	14.2225
128	14.2045
128.5	14.1869
129	14.1696
129.5	14.1528
130	14.1364
130.5	14.1203
131	14.1047
131.5	14.0895
132	14.0747
132.5	14.0602
133	14.046
133.5	14.0323
134	14.0189
134.5	14.0058
135	13.9932
135.5	13.9809
136	13.9691
136.5	13.9576
137	13.9465
137.5	13.9358
138	13.9256
138.5	13.9157
139	13.9063
139.5	13.8973
140	13.8887
140.5	13.8806
141	13.8729
141.5	13.8656
142	13.8587
142.5	13.8523
143	13.8462
143.5	13.8407
144	13.8355
144.5	13.8307
145	13.8264
145.5	13.8224
146	13.8187
146.5	13.8155
147	13.8126
147.5	13.8101
148	13.808
148	13.808
)
