(title "X Velocity vs. X-Coordinate")
(labels "X-Coordinate" "X Velocity")

((xy/key/label "hor_blue")
88	13.7222
88.5	13.7213
89	13.7198
89.5	13.7174
90	13.714
90.5	13.7094
91	13.7032
91.5	13.6951
92	13.6845
92.5	13.6709
93	13.6533
93.5	13.6307
94	13.6015
94.5	13.5634
95	13.514
95.5	13.4483
96	13.3621
96.5	13.2446
97	13.0888
97.5	12.8665
98	12.5749
98.5	12.1284
99	11.5768
99.5	10.4747
100	9.34239
100	9.34239
100.5	8.42339
101	7.56361
101.5	7.10394
102	6.71681
102.5	6.42719
103	6.19468
103.5	6.00721
104	5.85158
104.5	5.72129
105	5.61055
105.5	5.51574
106	5.43414
106.5	5.36399
107	5.30401
107.5	5.25344
108	5.21209
108.5	5.18014
109	5.15809
109.5	5.14665
110	5.14661
110.5	5.15666
111	5.17509
111.5	5.20164
112	5.236
112.5	5.27799
113	5.32734
113.5	5.38369
114	5.44646
114.5	5.51495
115	5.58839
115.5	5.66599
116	5.74694
116.5	5.83036
117	5.91559
117.5	6.00288
118	6.09354
118.5	6.18851
119	6.28721
119.5	6.38802
120	6.48916
120.5	6.58947
121	6.68862
121.5	6.78641
122	6.8826
122.5	6.97701
123	7.06957
123.5	7.16022
124	7.24891
124.5	7.33565
125	7.42045
125.5	7.50334
126	7.58435
126.5	7.66355
127	7.74097
127.5	7.81669
128	7.89075
128.5	7.96321
129	8.03414
129.5	8.1036
130	8.17163
130.5	8.23828
131	8.30357
131.5	8.36756
132	8.43028
132.5	8.49177
133	8.55208
133.5	8.61123
134	8.66925
134.5	8.72618
135	8.78207
135.5	8.83697
136	8.89091
136.5	8.94394
137	8.99609
137.5	9.04741
138	9.09792
138.5	9.14764
139	9.19661
139.5	9.24486
140	9.29239
140.5	9.33924
141	9.38543
141.5	9.43097
142	9.47587
142.5	9.52015
143	9.56382
143.5	9.60688
144	9.64934
144.5	9.69122
145	9.73252
145.5	9.77325
146	9.81341
146.5	9.85301
147	9.89207
147.5	9.93059
148	9.96858
)
