(title "Y-Coordinate vs. X Velocity")
(labels "X Velocity" "Y-Coordinate")

((xy/key/label "ver_red")
0	0
2.47514	0.00298918
3.07553	0.00627728
3.33626	0.00989419
3.5145	0.0138728
3.6565	0.0182492
3.77762	0.0230634
3.88583	0.0283589
3.98563	0.0341839
4.07974	0.0405915
4.16991	0.0476398
4.25728	0.055393
4.34255	0.0639215
4.42615	0.0733028
4.50828	0.0836223
4.58898	0.0949737
4.66816	0.10746
4.74567	0.121195
4.82132	0.136304
4.89491	0.152924
4.96626	0.171205
5.03528	0.191315
5.1019	0.213436
5.16616	0.237769
5.22818	0.264535
5.28823	0.293977
5.34669	0.326364
5.40414	0.36199
5.46142	0.401178
5.51968	0.444285
5.58049	0.491702
5.64606	0.543862
5.71964	0.601237
5.80661	0.66435
5.91739	0.733774
6.07283	0.810141
6.31069	0.894144
6.68987	0.986548
7.29005	1.08819
8.18823	1.2
9.40557	1.32382
10.8722	1.46002
12.509	1.60985
14.0441	1.77465
15.0508	1.95594
15.5029	2.15535
15.7	2.37471
15.8194	2.616
15.907	2.86073
15.9783	3.10545
16.0385	3.35018
16.0899	3.59491
16.0908	3.6
)
