(title "Y-Coordinate vs. X Velocity")
(labels "X Velocity" "Y-Coordinate")

((xy/key/label "ver_blue")
0	0
7.30967	0.00298918
8.6384	0.00627728
9.27023	0.00989419
9.70121	0.0138728
10.041	0.0182492
10.3251	0.0230634
10.572	0.0283589
10.7923	0.0341839
10.9927	0.0405915
11.1776	0.0476398
11.35	0.055393
11.5121	0.0639215
11.6656	0.0733028
11.8118	0.0836223
11.9515	0.0949737
12.0857	0.10746
12.2148	0.121195
12.3393	0.136304
12.4598	0.152924
12.5766	0.171205
12.69	0.191315
12.8003	0.213436
12.9077	0.237768
13.0126	0.264535
13.1153	0.293977
13.2158	0.326364
13.3147	0.36199
13.412	0.401178
13.5081	0.444285
13.5081	0.444285
13.6033	0.491702
13.6977	0.543862
13.7918	0.601237
13.8858	0.66435
13.9799	0.733774
14.0744	0.810141
14.1695	0.894144
14.2655	0.986548
14.3625	1.08819
14.4607	1.2
14.5607	1.32382
14.662	1.46002
14.7644	1.60985
14.868	1.77465
14.9723	1.95594
15.0773	2.15535
15.1824	2.37471
15.2873	2.616
15.3837	2.86073
15.4711	3.10545
15.5505	3.35018
15.6226	3.59491
15.624	3.6
)
