(title "Y-Coordinate vs. X Velocity")
(labels "X Velocity" "Y-Coordinate")

((xy/key/label "ver_red")
0	0
2.67025	0.00298918
3.3055	0.00627728
3.58472	0.00989419
3.77663	0.0138728
3.93024	0.0182492
4.0617	0.0230634
4.17939	0.0283589
4.288	0.0341839
4.39039	0.0405915
4.48834	0.0476398
4.58298	0.055393
4.67499	0.0639215
4.76474	0.0733028
4.85236	0.0836223
4.93783	0.0949737
5.02101	0.10746
5.10171	0.121195
5.17975	0.136304
5.25496	0.152924
5.32724	0.171205
5.39654	0.191315
5.46289	0.213436
5.52643	0.237769
5.58736	0.264535
5.64601	0.293977
5.70281	0.326364
5.7584	0.36199
5.81362	0.401178
5.86959	0.444285
5.92784	0.491702
5.99045	0.543862
6.06031	0.601237
6.14192	0.66435
6.24338	0.733774
6.38132	0.810141
6.58826	0.894144
6.91946	0.986548
7.45553	1.08819
8.28265	1.2
9.44495	1.32382
10.8926	1.46002
12.5373	1.60985
14.1153	1.77465
15.1931	1.95594
15.693	2.15535
15.9065	2.37471
16.0301	2.616
16.1188	2.86073
16.1903	3.10545
16.2507	3.35018
16.3023	3.59491
16.3032	3.6
)
