(title "X Velocity vs. X-Coordinate")
(labels "X-Coordinate" "X Velocity")

((xy/key/label "hor_blue")
88	13.7172
88.5	13.7152
89	13.7123
89.5	13.7084
90	13.7031
90.5	13.6962
91	13.6874
91.5	13.676
92	13.6616
92.5	13.6433
93	13.6202
93.5	13.5909
94	13.554
94.5	13.5069
95	13.4472
95.5	13.3703
96	13.2722
96.5	13.1435
97	12.9786
97.5	12.7533
98	12.4666
98.5	12.0423
99	11.5247
99.5	10.4867
100	9.42472
100	9.42472
100.5	8.58759
101	7.81136
101.5	7.39914
102	7.04675
102.5	6.77503
103	6.5513
103.5	6.36616
104	6.20971
104.5	6.0768
105	5.96273
105.5	5.86429
106	5.77889
106.5	5.70467
107	5.64024
107.5	5.58464
108	5.53723
108.5	5.49772
109	5.46618
109.5	5.4429
110	5.42832
110.5	5.42306
111	5.4264
111.5	5.437
112	5.45442
112.5	5.47833
113	5.50853
113.5	5.5448
114	5.58691
114.5	5.63447
115	5.687
115.5	5.7439
116	5.80452
116.5	5.86825
117	5.93454
117.5	6.00285
118	6.07252
118.5	6.14324
119	6.2156
119.5	6.29101
120	6.37041
120.5	6.45293
121	6.53694
121.5	6.62131
122	6.70517
122.5	6.78821
123	6.87035
123.5	6.95139
124	7.03119
124.5	7.10967
125	7.18674
125.5	7.26237
126	7.33654
126.5	7.40923
127	7.48047
127.5	7.55026
128	7.61863
128.5	7.68562
129	7.75127
129.5	7.8156
130	7.87866
130.5	7.94051
131	8.00116
131.5	8.06064
132	8.11898
132.5	8.17621
133	8.23236
133.5	8.28745
134	8.34147
134.5	8.39448
135	8.44649
135.5	8.49754
136	8.54766
136.5	8.59687
137	8.6452
137.5	8.6927
138	8.73939
138.5	8.78533
139	8.83056
139.5	8.87512
140	8.91902
140.5	8.96232
141	9.00503
141.5	9.04717
142	9.08876
142.5	9.12983
143	9.17038
143.5	9.21044
144	9.25002
144	9.25002
144.5	9.28912
145	9.32774
145.5	9.36589
146	9.40359
146.5	9.44085
147	9.47766
147.5	9.51405
148	9.55
)
