(title "X Velocity vs. X-Coordinate")
(labels "X-Coordinate" "X Velocity")

((xy/key/label "hor_red")
88	15.1721
88.5	15.1697
89	15.1667
89.5	15.163
90	15.1584
90.5	15.1527
91	15.1457
91.5	15.1372
92	15.1268
92.5	15.1142
93	15.0988
93.5	15.0802
94	15.0577
94.5	15.0307
95	14.9982
95.5	14.9599
96	14.9151
96.5	14.8644
97	14.8088
97.5	14.7542
98	14.7103
98.5	14.7067
99	14.78
99.5	14.9873
100	15.3439
100	15.3439
100.5	15.6992
101	15.9245
101.5	16.0281
102	16.053
102.5	16.0381
103	16.0049
103.5	15.9641
104	15.9196
104.5	15.8739
105	15.8278
105.5	15.7817
106	15.7354
106.5	15.6887
107	15.6417
107.5	15.5942
108	15.5462
108.5	15.498
109	15.4495
109.5	15.401
110	15.3526
110.5	15.3044
111	15.2568
111.5	15.2099
112	15.1637
112.5	15.1186
113	15.0744
113.5	15.0312
114	14.9891
114.5	14.9482
115	14.9085
115.5	14.87
116	14.8328
116.5	14.7966
117	14.7616
117.5	14.7275
118	14.6945
118.5	14.6624
119	14.6312
119.5	14.6009
120	14.5713
120.5	14.5426
121	14.5145
121.5	14.4871
122	14.4603
122.5	14.4341
123	14.4084
123.5	14.3833
124	14.3586
124.5	14.3343
125	14.3105
125.5	14.2872
126	14.2642
126.5	14.2416
127	14.2194
127.5	14.1975
128	14.1761
128.5	14.1549
129	14.134
129.5	14.1134
130	14.093
130.5	14.0729
131	14.0531
131.5	14.0336
132	14.0144
132.5	13.9955
133	13.9769
133.5	13.9587
134	13.9408
134.5	13.9233
135	13.9061
135.5	13.8892
136	13.8727
136.5	13.8566
137	13.8408
137.5	13.8255
138	13.8104
138.5	13.7958
139	13.7815
139.5	13.7677
140	13.7542
140.5	13.7411
141	13.7284
141.5	13.7161
142	13.7042
142.5	13.6926
143	13.6815
143.5	13.6708
144	13.6605
144.5	13.6505
145	13.641
145.5	13.6319
146	13.6232
146.5	13.6148
147	13.6069
147.5	13.5994
148	13.5922
)
